64500
64500
64500
64500
64500
64500
64500
64500
21560
30019
34644
14453
17287
21560
30019
34644
14453
17287
23
24
25
26
27
30
1
2
3
4
5
6
7
8
9
10
11
12
13
14
15
16
17
18
19
20
21
22
28
29
23
24
25
26
27
30
1
2
3
4
5
6
7
8
9
10
11
12
13
14
15
16
17
18
19
20
21
22
28
29
23
24
25
26
27
30
1
2
3
4
5
6
7
8
9
10
11
12
13
14
15
16
17
18
19
20
21
22
28
29
23
24
25
26
27
30
1
2
3
4
5
6
7
8
9
10
11
12
13
14
15
16
17
18
19
20
21
22
28
29
23
24
25
26
27
30
1
2
3
4
5
6
7
8
9
10
11
12
13
14
15
16
17
18
19
20
21
22
28
29
23
24
25
26
27
30
1
2
3
4
5
6
7
8
9
10
11
12
13
14
15
16
17
18
19
20
21
22
28
29
23
24
25
26
27
30
1
2
3
4
5
6
7
8
9
10
11
12
13
14
15
16
17
18
19
20
21
22
28
29
23
24
25
26
27
30
1
2
3
4
5
6
7
8
9
10
11
12
13
14
15
16
17
18
19
20
21
22
28
29
23
24
25
26
27
30
0
0
0
0
30
0
0
0
0
0
15
16
17
18
19
20
21
22
28
29
1
2
3
4
5
6
7
8
9
10
11
12
13
14
15
16
17
18
19
20
1
2
3
4
5
6
7
8
9
10
11
12
13
14
15
16
17
18
19
20
21
22
28
29
23
24
25
26
27
30
1
2
3
4
5
6
7
8
9
10
1
2
3
4
5
6
7
8
9
10
11
12
13
14
15
16
17
18
19
20
21
22
28
29
23
24
25
26
27
30
1
2
3
4
5
6
7
8
9
10
11
12
13
14
15
16
17
18
19
20
21
22
28
29
23
24
25
26
27
30
1
2
3
4
5
6
7
8
9
10
11
12
13
14
15
16
17
18
19
20
21
22
28
29
23
24
25
26
27
30
1
2
3
4
5
6
7
8
9
10
11
12
13
14
15
16
17
18
19
20
21
22
28
29
23
24
25
26
27
30
0
0
0
0
30
0
0
0
0
0
15
16
17
18
19
20
21
22
28
29
1
2
3
4
5
6
7
8
9
10
11
12
13
14
15
16
17
18
19
20
1
2
3
4
5
6
7
8
9
10
11
12
13
14
15
16
17
18
19
20
21
22
28
29
23
24
25
26
27
30
1
2
3
4
5
6
7
8
9
10
11
12
13
14
15
16
17
18
19
20
21
22
28
29
23
24
25
26
27
30
0
0
0
0
30
0
0
0
0
0
15
16
17
18
19
20
21
22
28
29
1
2
3
4
5
6
7
8
9
10
11
12
13
14
15
16
17
18
19
20
21
22
28
29
23
24
25
26
27
30
0
0
0
0
30
0
0
0
0
0
15
16
17
18
19
20
21
22
28
29
23
24
25
26
27
30
0
0
0
0
30
0
0
0
0
0
0
0
0
0
0
0
0
0
0
0
0
0
0
0